[bkgrnd1.jpg]
moddate=1b8ada20190ed301
width=1920
height=1080
text=1;193;65;Automated Categorisation System&#010;&#010;&#010;Automated recommendation System;Book Antiqua;0.089731,0.404072,0.044444,0.000000;v1,4294967295,4287963545,128.000000,1.000000,0.250000,1.000000,400,2,49152;;
textactive=1
